1	42.363048,-71.261249
2	42.363199,-71.261264
3	42.363165,-71.261097
4	42.363284,-71.260582
5	42.363237,-71.260494
6	42.363568,-71.260301
7	42.363736,-71.260395
8	42.363750,-71.261001
9	42.363532,-71.261108
10	42.363471,-71.261140
12	42.363383,-71.261409
13	42.363268,-71.261258
14	42.363330,-71.261103
15	42.363427,-71.261537
16	42.363041,-71.261443
17	42.362947,-71.261092
18	42.363657,-71.261387
19	42.363915,-71.261736
21	42.364674,-71.259976
22	42.364739,-71.260405
23	42.364602,-71.260419
24	42.364392,-71.260569
25	42.364362,-71.260376
26	42.364164,-71.260295
27	42.364327,-71.260604
28	42.364061,-71.261017
29	42.364117,-71.260749
30	42.364010,-71.260813
31	42.363780,-71.260258
32	42.364327,-71.260067
33	42.364160,-71.260140
34	42.366039,-71.256347
35	42.366288,-71.256409
36	42.366504,-71.256862
37	42.366586,-71.257098
38	42.366742,-71.257300
39	42.366314,-71.257356
40	42.366219,-71.257455
41	42.366629,-71.255226
42	42.366514,-71.255030
43	42.367289,-71.255025
44	42.367230,-71.255258
45	42.367646,-71.255470
46	42.367998,-71.255693
47	42.367852,-71.255194
48	42.366429,-71.254894
49	42.365989,-71.254853
50	42.366290,-71.255073
51	42.365961,-71.256315
52	42.365753,-71.256085
53	42.366837,-71.257487
54	42.367523,-71.257567
55	42.367709,-71.257484
56	42.367709,-71.257798
57	42.367464,-71.258501
58	42.367127,-71.258718
59	42.367234,-71.258986
60	42.367196,-71.259064
61	42.367301,-71.259260
62	42.367146,-71.259155
63	42.366942,-71.259630
64	42.366714,-71.259429
65	42.367362,-71.259812
67	42.366687,-71.259509
68	42.366164,-71.260008
69	42.366336,-71.259238
70	42.365910,-71.259117
71	42.365803,-71.259592
72	42.365624,-71.259767
73	42.365561,-71.259815
74	42.365498,-71.259871
75	42.365519,-71.260150
76	42.365315,-71.260072
77	42.365432,-71.260708
78	42.365831,-71.260480
79	42.366197,-71.260268
80	42.366354,-71.260193
81	42.366235,-71.260499
82	42.366074,-71.260349
83	42.366249,-71.261352
84	42.365545,-71.261625
85	42.365299,-71.261593
86	42.366421,-71.261041
87	42.366847,-71.261124
88	42.367210,-71.261462
89	42.367107,-71.261891
90	42.367020,-71.261835
91	42.367253,-71.260947
92	42.367192,-71.260866
93	42.366877,-71.260869
94	42.366806,-71.260735
95	42.366542,-71.260354
96	42.366651,-71.259970
97	42.367561,-71.260402
98	42.367047,-71.259182
99	42.366795,-71.256023
100	42.367375,-71.256162
101	42.367577,-71.256672
102	42.367708,-71.257313
103	42.367898,-71.256908
104	42.367896,-71.257635
105	42.366265,-71.259546
106	42.364973,-71.258557
107	42.365175,-71.261823
108	42.364925,-71.261842
109	42.365064,-71.261416
110	42.364915,-71.261139
111	42.364804,-71.260823
112	42.368752,-71.260922
113	42.368654,-71.260662
114	42.368480,-71.260759
115	42.368078,-71.260791
116	42.368274,-71.261204
117	42.367846,-71.261641	
119	42.368349,-71.257463
120	42.368557,-71.257015
121	42.368637,-71.256803
122	42.368595,-71.256655
123	42.368474,-71.256315
124	42.368290,-71.256755
125	42.368742,-71.257103
126	42.368811,-71.256492
127	42.368974,-71.256352
128	42.369025,-71.257232
129	42.368942,-71.257583
130	42.368805,-71.257296
131	42.369243,-71.260612
132	42.368428,-71.256208
133	42.368874,-71.255331
134	42.369332,-71.255956
135	42.369338,-71.256125
136	42.369707,-71.255763
137	42.370014,-71.255610
138	42.369457,-71.254851
139	42.369911,-71.257572
140	42.369790,-71.257626
141	42.370006,-71.258613
142	42.369718,-71.258725
143	42.369586,-71.258940
144	42.369259,-71.258065
145	42.369318,-71.257127
146	42.369401,-71.256880
200	42.365626,-71.258041
201	42.365650,-71.257237
202	42.365457,-71.257690
300	42.366944,-71.258361
301	42.363293,-71.261022
302	42.364156,-71.260510
303	42.364423,-71.260695
304	42.364100,-71.259887
305	42.366737,-71.257523
306	42.366791,-71.257422
307	42.367959,-71.254863
308	42.367626,-71.257346
309	42.367696,-71.254951
310	42.369666,-71.259255
311	42.366152,-71.259121
312	42.366201,-71.258814
313	42.365293,-71.259433
314	42.368324,-71.260287
315	42.367349,-71.257455
316	42.367320,-71.257247
317	42.365908,-71.258615
318	42.367668,-71.258188
319	42.367925,-71.258263
320	42.366570,-71.259113
321	42.366648,-71.259046
322	42.370014,-71.257716
323	42.370077,-71.257347
324	42.367233,-71.258607
325	42.365503,-71.259480
326	42.365430,-71.259677
327	42.369603,-71.258603
328	42.369268,-71.258729
329	42.369576,-71.258102
330	42.369012,-71.256131
331	42.363925,-71.263454
332	42.364460,-71.264231
333	42.367504,-71.256505
334	42.367286,-71.256564
335	42.365856,-71.255900
336	42.367176,-71.261722
337	42.367259,-71.261721
338	42.367373,-71.260734
339	42.367421,-71.260813
340	42.366805,-71.261278
341	42.366984,-71.260718
342	42.368955,-71.255423
343	42.369487,-71.255879
344	42.369573,-71.254961
345	42.369006,-71.256470
346	42.369441,-71.257396
347	42.367474,-71.257881
348	42.365221,-71.262358
349	42.365298,-71.262132
350	42.369136,-71.257186
351	42.369165,-71.257286
352	42.365440,-71.262074
353	42.365492,-71.262241
354	42.365781,-71.257188
355	42.367084,-71.260230
356	42.367013,-71.256065
357	42.367231,-71.255870
358	42.365965,-71.259810
359	42.369504,-71.257199
360	42.369604,-71.257057
361	42.364766,-71.261636
362	42.366226,-71.255436
363	42.363524,-71.260158
364	42.368102,-71.256831
365	42.367714,-71.255611
366	42.368126,-71.255935
1001	42.370467, -71.246380
1002	42.361469, -71.258530
1003	42.361285, -71.261551
1004	42.361954, -71.263957
1005	42.366195, -71.258814
1006	42.369659, -71.259485
1007	42.366901, -71.257846
1008	42.368186, -71.260682
1009	42.365058, -71.259754
1010	42.368273, -71.260136
1011	42.367266, -71.256977
1012	42.364346, -71.260889
1013	42.365962, -71.258226
1014	42.359493, -71.257552
1015	42.359645, -71.257112
1016	42.359965, -71.256779
1017	42.360343, -71.256605
1018	42.367873, -71.254818
1019	42.367695, -71.254765
1020	42.367683, -71.255047
1021	42.366314, -71.258209
1022	42.362309, -71.261232
1023	42.365653, -71.261299
1024	42.365947, -71.261133
1025	42.367859, -71.258600
1026	42.366770, -71.258942
1027	42.365080, -71.254990
1028	42.366068, -71.256650
1029	42.365879, -71.253705
1030	42.365868, -71.253727
1031	42.365792, -71.253776
1032	42.365760, -71.253772
1033	42.366599, -71.258135
1034	42.368357, -71.258060
1035	42.366101, -71.255251
1036	42.370146, -71.257770
1037	42.364883, -71.262984
1038	42.367135, -71.258396
1039	42.364910, -71.254680
1040	42.365594, -71.259292
1041	42.368710, -71.260667
1042	42.366407, -71.260640
1043	42.369200, -71.258792
1044	42.365266, -71.259257
1045	42.369298, -71.259355
1046	42.369650, -71.259362
1047	42.369699, -71.258266
1048	42.366112, -71.256935
1049	42.368920, -71.255978
1050	42.365962, -71.255378
1051	42.364540, -71.264238
1052	42.363612, -71.258783
1053	42.367287, -71.256413
1054	42.365877, -71.254347
1055	42.370131, -71.257248
1056	42.365858, -71.255777
1057	42.365042, -71.258670
1058	42.369836, -71.258277
1059	42.366979, -71.261044
1060	42.367106, -71.260958
1061	42.367092, -71.261079
1062	42.367102, -71.261103
1063	42.369422, -71.255692
1064	42.369383, -71.255595
1065	42.369399, -71.255692
1066	42.369295, -71.255619
1067	42.369682, -71.257670
1068	42.367454, -71.257932
1069	42.365238, -71.262438
1070	42.366536, -71.258635
1071	42.366576, -71.258571
1072	42.366232, -71.258539
1073	42.363887, -71.261231
1074	42.363821, -71.260715
1075	42.364012, -71.260495
1076	42.365829, -71.262437
1077	42.365858, -71.262401
1078	42.365859, -71.257346
1079	42.366011, -71.257093
1080	42.367076, -71.259879
1081	42.367307, -71.260176
1082	42.366852, -71.260181
1083	42.364889, -71.264799
1084	42.367539, -71.257303
1085	42.366912, -71.255599
1086	42.365399, -71.254965
1087	42.365796, -71.260099
1088	42.365970, -71.258280
1089	42.366386, -71.260565
1090	42.366499, -71.260635
1091	42.369719, -71.257058
1092	42.364164, -71.259632
1093	42.364496, -71.261935
1094	42.366274, -71.255470
1095	42.363287, -71.260280
1096	42.368041, -71.256609
1097	42.367292, -71.255663
1098	42.366970, -71.258800
1099	42.365765, -71.261080
1100	42.363422, -71.261654
1101	42.363006, -71.261552
1102	42.363335, -71.260973
1103	42.362895, -71.261118